1	151
1	671
3	683
4	382
7	451
7	71
14	550
20	628
25	423
27	119
31	521
40	234
51	124
52	165
52	619
56	490
57	180
57	739
59	447
61	367
62	321
62	728
69	456
69	584
71	451
74	95
75	169
80	575
80	690
83	281
106	193
106	384
142	333
142	544
143	610
143	688
144	522
144	624
145	592
147	311
147	615
150	570
151	671
152	265
152	350
153	212
165	619
172	396
173	240
173	457
176	232
180	739
185	484
193	384
229	260
236	623
240	457
243	528
243	687
244	563
263	429
265	350
285	417
311	615
320	644
321	728
323	485
332	354
333	544
339	579
344	536
357	696
372	413
379	381
387	499
397	573
402	701
402	745
415	722
416	643
454	516
456	584
475	599
475	608
476	505
497	504
502	541
502	604
509	712
522	624
525	601
525	646
528	687
541	604
575	690
599	608
601	646
603	638
606	666
610	688
626	658
701	745
