1	151
1	671
3	383
3	675
3	683
4	302
4	382
7	451
7	71
14	550
14	613
19	387
19	499
20	628
20	78
22	451
22	71
25	423
25	432
25	597
27	119
27	341
27	348
28	626
28	658
30	281
30	486
30	691
30	83
31	161
31	455
31	521
40	140
40	234
40	507
49	339
49	579
51	124
51	625
52	165
52	468
52	619
52	99
56	426
56	490
56	503
57	180
57	739
59	447
59	566
59	737
61	367
61	393
61	605
61	732
62	321
62	728
64	320
64	644
67	180
67	739
69	456
69	584
71	451
74	238
74	95
75	169
75	450
76	153
76	212
76	239
77	497
77	504
78	628
80	575
80	690
83	281
83	486
85	476
85	505
87	362
87	415
87	722
95	238
99	165
99	619
106	193
106	384
106	651
118	172
118	396
118	578
119	341
119	348
124	625
136	626
136	658
140	234
142	333
142	400
142	544
143	610
143	688
144	522
144	624
145	524
145	592
145	611
147	311
147	600
147	615
150	241
150	570
151	671
152	265
152	337
152	350
153	170
153	212
153	239
160	357
160	696
161	521
165	468
165	619
169	450
170	212
172	396
172	578
173	240
173	457
176	182
176	232
176	726
180	739
182	195
182	232
185	261
185	484
193	384
193	651
199	320
199	644
203	372
203	413
210	603
210	638
212	239
229	260
229	386
229	449
230	476
230	505
232	726
234	507
235	263
235	429
236	623
236	661
236	677
240	457
240	711
241	570
243	528
243	687
244	245
244	563
245	563
251	285
251	417
251	469
255	323
255	485
260	386
260	449
261	484
263	429
265	337
265	350
273	509
273	712
280	454
280	516
281	486
285	417
285	469
301	323
301	485
302	382
311	600
311	615
316	344
316	536
319	416
319	643
320	644
321	728
323	485
332	354
332	398
332	581
333	400
333	544
337	350
339	579
339	618
344	536
344	620
354	398
354	581
357	696
362	415
362	722
367	393
367	605
367	732
372	413
379	381
379	389
379	552
381	389
381	552
383	683
384	651
387	480
387	499
393	605
393	732
396	578
397	404
397	573
397	717
402	701
402	745
404	573
411	525
411	601
415	722
416	643
417	469
420	450
423	432
423	597
426	490
432	597
437	606
437	666
446	606
446	666
447	566
447	737
454	516
454	707
455	521
456	584
457	711
464	502
464	541
464	604
475	599
475	608
476	505
480	499
490	503
497	504
502	541
502	604
509	712
514	599
514	608
516	707
522	624
524	592
525	601
525	646
528	687
536	620
541	604
550	613
566	737
573	717
575	690
579	618
592	611
599	608
600	615
601	646
603	638
605	732
606	666
610	688
623	661
623	677
626	658
675	683
701	745
