1	151
1	363
1	533
1	671
3	194
3	361
3	383
3	675
3	683
3	705
4	123
4	222
4	302
4	330
4	343
4	382
7	22
7	399
7	451
7	53
7	71
10	243
10	528
10	687
11	144
11	16
11	522
11	624
14	550
14	613
14	668
14	676
15	20
15	628
15	78
16	144
16	522
16	624
19	387
19	480
19	499
20	102
20	628
20	657
20	78
22	406
22	451
22	53
22	71
24	199
24	320
24	64
24	644
25	423
25	432
25	441
25	470
25	597
25	719
25	725
27	119
27	127
27	213
27	341
27	348
28	136
28	626
28	653
28	658
30	281
30	359
30	486
30	691
30	83
31	161
31	250
31	325
31	346
31	455
31	521
32	144
32	200
32	522
32	624
33	244
33	245
33	563
33	612
36	321
36	62
36	728
40	140
40	234
40	306
40	479
40	507
40	562
42	476
42	505
46	397
46	573
47	626
47	658
49	339
49	579
49	618
51	124
51	168
51	409
51	625
51	654
52	163
52	165
52	468
52	569
52	619
52	99
53	451
53	71
56	426
56	490
56	503
56	594
57	180
57	67
57	692
57	739
58	235
58	263
58	429
59	366
59	447
59	566
59	640
59	737
60	221
60	416
60	643
61	367
61	393
61	430
61	577
61	605
61	732
62	117
62	321
62	571
62	728
64	199
64	320
64	644
65	285
65	417
65	469
65	540
65	669
66	456
66	584
66	69
67	180
67	645
67	692
67	739
68	544
69	103
69	456
69	483
69	584
71	399
71	406
71	451
73	210
73	603
73	638
74	238
74	448
74	590
74	655
74	95
75	169
75	420
75	450
75	670
76	153
76	170
76	212
76	239
77	166
77	287
77	291
77	497
77	504
77	709
78	102
78	628
79	152
79	265
79	337
79	350
79	493
80	156
80	575
80	634
80	673
80	690
82	199
82	320
82	644
83	281
83	359
83	486
83	595
83	691
85	230
85	259
85	476
85	481
85	505
87	269
87	362
87	415
87	722
87	742
88	106
88	193
88	384
88	651
88	704
92	236
92	623
92	677
94	173
94	240
94	457
94	711
95	238
95	448
95	590
95	655
97	145
97	524
97	592
97	611
99	165
99	468
99	619
102	628
102	657
103	456
103	584
106	193
106	384
106	651
106	704
107	387
107	443
107	499
116	151
116	671
117	268
117	321
117	571
118	172
118	396
118	542
118	578
119	127
119	213
119	341
119	348
123	222
123	302
123	330
123	343
123	382
124	168
124	409
124	625
124	654
127	341
127	348
128	159
128	160
128	181
128	357
128	696
134	239
135	626
135	658
136	626
136	658
139	311
139	600
139	615
140	234
140	306
140	479
140	507
142	231
142	333
142	400
142	544
143	206
143	293
143	334
143	610
143	688
143	695
144	200
144	277
144	522
144	624
145	524
145	592
145	611
147	311
147	547
147	600
147	615
147	684
150	162
150	241
150	274
150	467
150	570
150	697
150	702
151	363
151	533
151	671
152	265
152	337
152	350
152	493
153	170
153	212
153	239
153	471
156	575
156	690
158	229
158	260
158	386
158	449
158	482
159	160
159	181
159	357
159	696
160	357
160	696
161	250
161	455
161	521
162	241
162	570
163	165
163	619
165	468
165	569
165	619
166	291
166	497
166	504
168	625
168	654
169	420
169	450
169	670
170	212
170	239
170	471
172	294
172	322
172	396
172	542
172	578
173	240
173	457
173	487
173	711
176	182
176	195
176	232
176	726
177	331
177	437
177	446
177	606
177	666
180	645
180	692
180	739
181	357
181	696
182	195
182	232
182	726
185	220
185	261
185	484
185	553
185	713
185	714
193	384
193	651
193	704
194	383
194	675
194	683
195	232
195	726
199	320
199	644
200	277
200	522
200	624
202	235
202	263
202	429
203	224
203	349
203	372
203	413
206	688
208	280
208	454
208	516
210	242
210	603
210	638
210	672
212	239
212	471
213	341
213	348
215	235
215	263
215	429
220	261
220	484
220	553
221	416
221	643
222	302
222	330
222	382
223	255
223	301
223	323
223	485
223	531
224	372
224	413
227	379
227	381
227	389
229	260
229	386
229	449
229	482
229	635
230	259
230	476
230	505
231	333
232	726
234	306
234	479
234	507
234	562
235	263
235	429
236	264
236	336
236	623
236	661
236	677
237	379
237	381
238	448
239	471
240	457
240	487
240	686
240	711
241	467
241	570
241	697
241	702
242	603
242	638
243	412
243	528
243	534
243	687
244	245
244	256
244	563
244	612
245	563
245	612
250	455
250	521
251	285
251	417
251	469
251	540
255	301
255	323
255	485
256	563
258	464
258	502
258	541
258	604
259	476
259	505
260	386
260	449
260	482
260	635
261	484
261	553
261	713
261	714
263	378
263	429
264	623
264	677
265	337
265	350
265	493
269	415
269	722
271	599
271	608
273	394
273	509
273	712
274	570
277	522
277	624
279	332
279	354
279	398
280	422
280	454
280	516
280	707
280	723
281	359
281	486
281	595
281	691
285	417
285	469
285	540
285	669
287	291
287	497
287	504
287	709
291	497
291	504
293	610
293	688
294	396
300	509
300	712
301	323
301	485
302	330
302	343
302	382
306	507
309	419
311	491
311	547
311	600
311	615
311	684
316	344
316	513
316	536
316	549
316	620
317	402
317	701
317	745
319	416
319	643
320	644
321	571
321	728
322	396
323	485
323	531
325	346
325	455
325	521
330	382
331	437
331	446
331	606
331	666
332	354
332	398
332	494
332	581
333	400
333	544
334	610
334	688
334	695
336	623
336	661
337	350
337	493
339	574
339	579
339	618
341	348
343	382
344	513
344	536
344	549
344	620
346	455
346	521
349	372
349	413
350	493
354	398
354	494
354	581
356	509
356	712
357	696
361	675
361	683
362	415
362	722
363	671
366	447
366	566
366	640
366	737
367	393
367	430
367	577
367	605
367	732
369	464
369	502
369	541
369	604
372	413
378	429
379	381
379	389
379	410
379	552
381	389
381	410
381	552
383	675
383	683
384	651
384	704
386	449
386	482
387	443
387	480
387	499
387	598
389	552
393	430
393	605
393	732
394	509
394	712
396	542
396	578
397	404
397	567
397	573
397	717
398	494
398	581
398	596
399	451
400	544
402	557
402	701
402	745
404	567
404	573
404	717
405	480
406	451
409	654
410	552
411	525
411	601
411	646
412	528
412	687
415	722
415	736
415	742
416	565
416	643
417	469
417	540
417	669
420	450
422	454
422	516
422	723
423	432
423	441
423	470
423	597
423	719
423	725
426	490
426	503
426	594
430	605
430	732
432	470
432	597
432	719
432	725
437	446
437	606
437	666
443	480
443	499
446	593
446	606
446	666
447	566
447	640
447	737
448	655
449	482
454	516
454	551
454	707
454	723
455	521
456	584
457	487
457	686
457	711
464	502
464	541
464	604
467	570
468	619
469	669
475	514
475	599
475	608
475	663
475	694
476	481
476	505
479	507
480	499
480	598
481	505
483	584
484	553
484	713
484	714
485	531
486	595
486	691
490	503
490	594
491	600
491	615
494	581
497	504
497	709
499	598
502	541
502	559
502	604
503	594
504	709
509	712
513	536
513	620
514	599
514	608
514	663
514	694
516	551
516	707
516	723
522	624
524	592
524	611
525	601
525	646
528	534
528	687
533	671
536	549
536	620
541	604
542	578
547	600
547	615
547	684
550	613
550	668
550	676
553	714
557	701
557	745
559	604
563	612
565	643
566	640
566	737
567	573
567	717
569	619
570	697
570	702
571	728
572	701
572	745
573	717
574	579
574	618
575	634
575	673
575	690
577	605
577	732
579	618
592	611
593	606
593	666
597	719
599	608
599	663
599	694
600	615
600	684
601	646
603	638
603	672
605	732
606	666
608	663
608	694
610	688
610	695
613	668
613	676
615	684
620	682
623	661
623	677
625	654
626	653
626	658
628	657
634	673
634	690
638	672
640	737
645	739
651	704
653	658
661	677
673	690
675	683
683	705
688	695
692	739
697	702
701	745
722	736
722	742
