1	151
1	363
1	533
1	671
3	194
3	361
3	383
3	675
3	683
4	123
4	222
4	302
4	330
4	343
4	382
5	180
5	270
5	57
5	645
5	67
5	739
7	22
7	406
7	451
7	53
7	71
10	243
10	528
10	534
10	687
12	176
12	195
12	232
12	392
12	726
14	290
14	550
14	613
14	676
14	729
14	738
15	102
15	20
15	324
15	628
15	78
17	339
17	579
17	618
19	107
19	387
19	480
19	499
19	598
20	102
20	324
20	628
20	78
22	406
22	451
22	53
22	71
25	423
25	432
25	597
25	719
25	725
27	119
27	127
27	213
27	341
27	348
28	626
28	658
30	249
30	281
30	486
30	595
30	691
30	83
31	161
31	250
31	325
31	346
31	455
31	521
32	144
32	522
32	624
36	117
36	321
36	571
36	62
40	140
40	216
40	234
40	479
40	507
40	562
43	128
43	160
43	181
43	357
43	696
47	626
47	658
49	339
49	579
49	693
51	124
51	168
51	171
51	368
51	625
51	654
52	165
52	468
52	569
52	619
52	72
52	99
53	406
53	451
53	71
56	426
56	490
56	503
56	594
56	708
56	733
57	180
57	270
57	645
57	67
57	739
59	366
59	447
59	500
59	566
59	737
61	367
61	393
61	430
61	605
61	732
62	117
62	268
62	321
62	571
62	728
64	199
64	266
64	320
64	644
64	82
65	251
65	285
65	417
65	540
65	669
66	456
66	483
66	584
66	69
67	180
67	270
67	645
67	739
69	456
69	483
69	584
69	86
71	406
71	451
72	165
72	569
72	619
72	99
73	141
73	210
73	242
73	586
73	603
73	638
73	672
74	190
74	238
74	360
74	448
74	590
74	655
74	95
75	169
75	326
75	420
75	450
75	670
76	153
76	201
76	212
76	239
76	471
77	287
77	497
77	504
77	709
78	102
78	324
78	628
79	265
80	156
80	164
80	575
80	634
80	673
80	690
82	199
82	266
82	320
82	644
83	249
83	281
83	486
83	595
83	691
85	230
85	476
85	481
85	505
85	602
86	456
86	584
87	362
87	415
87	722
88	106
88	193
88	384
88	651
88	704
95	190
95	238
95	360
95	448
95	590
95	655
97	145
97	524
97	592
97	611
99	165
99	569
99	619
102	628
106	193
106	384
106	527
106	651
106	704
107	387
107	480
107	499
117	321
117	571
117	728
118	172
118	294
118	396
118	478
118	542
118	578
119	127
119	213
119	341
119	348
123	222
123	330
123	343
123	382
124	168
124	171
124	368
124	625
124	654
126	203
126	349
126	372
126	413
127	213
127	341
128	160
128	181
128	357
128	696
139	311
139	600
139	615
140	216
140	234
140	479
140	507
141	210
141	242
141	586
141	603
141	638
141	672
142	231
142	333
142	400
142	544
143	334
143	512
143	610
143	688
143	695
144	277
144	522
144	624
145	289
145	524
145	592
145	611
147	311
147	600
147	615
150	162
150	241
150	274
150	467
150	570
150	697
150	702
151	363
151	533
151	671
152	265
152	337
152	350
152	493
152	662
153	170
153	201
153	212
153	239
153	471
156	575
156	690
157	416
157	643
158	226
158	229
158	260
158	386
158	449
160	181
160	357
160	696
161	455
161	521
162	241
162	467
162	570
162	697
162	702
164	575
164	634
164	673
164	690
165	468
165	569
165	619
168	171
168	368
168	625
168	654
169	326
169	420
169	450
169	670
170	212
171	368
171	625
172	294
172	396
172	478
172	542
172	578
173	240
173	457
173	487
173	637
173	686
174	339
174	574
174	579
174	618
176	182
176	195
176	232
176	392
176	726
177	305
177	437
177	446
177	593
177	606
177	666
178	231
179	525
179	601
179	646
180	270
180	645
180	739
181	357
181	696
182	195
182	232
184	203
184	372
184	413
185	220
185	261
185	484
185	553
185	713
187	199
187	266
187	320
187	644
190	238
190	590
193	384
193	527
193	651
193	704
194	383
194	683
195	232
195	392
195	726
199	266
199	320
199	644
201	212
201	239
201	471
202	263
202	429
203	349
203	372
203	413
210	242
210	586
210	603
210	638
210	672
212	239
212	471
213	341
213	348
215	235
215	263
215	429
216	234
216	479
219	475
219	514
219	599
219	608
219	694
220	261
220	484
222	330
222	343
222	382
226	229
226	260
226	386
226	449
229	260
229	386
229	449
229	482
229	635
230	476
230	481
230	505
230	602
231	333
231	400
231	544
232	392
232	726
234	479
234	507
234	562
235	263
235	429
236	264
236	336
236	623
236	661
236	677
237	379
237	381
237	389
237	410
237	552
238	360
238	448
238	590
238	655
239	471
240	457
240	487
240	637
240	686
240	711
241	467
241	570
241	697
241	702
242	586
242	603
242	638
242	672
243	412
243	528
243	534
243	687
244	245
244	256
244	537
244	563
244	612
245	537
245	563
245	612
249	281
249	486
250	346
250	455
250	521
251	285
251	417
251	469
251	540
255	323
255	485
255	531
256	563
256	612
260	386
260	449
260	482
260	635
261	484
261	553
261	713
263	429
264	623
264	661
265	350
265	662
266	320
266	644
268	321
268	728
270	645
270	739
271	514
271	599
271	608
271	663
273	394
273	509
273	712
274	570
277	522
277	624
280	422
280	454
280	516
280	707
280	723
281	486
281	595
281	691
285	417
285	469
285	540
285	669
287	497
287	504
287	709
289	592
290	550
290	613
290	676
290	738
294	396
294	478
294	542
294	578
296	741
300	318
300	394
301	323
301	485
302	330
302	343
302	382
305	437
305	446
305	593
305	606
305	666
311	491
311	547
311	600
311	615
311	684
316	344
316	536
316	620
316	682
317	402
317	701
317	745
318	394
319	416
319	565
319	643
320	644
321	571
321	728
323	485
323	531
324	628
325	455
325	521
326	420
326	450
330	382
332	354
332	398
332	581
333	400
333	544
334	512
334	610
334	688
336	623
336	661
337	350
337	493
339	579
339	618
339	693
343	382
344	513
344	536
344	620
344	682
346	455
346	521
349	372
349	413
350	493
350	662
354	398
354	581
356	394
357	696
360	448
361	383
361	675
361	683
362	415
362	722
363	533
363	671
366	447
366	566
366	640
367	393
367	430
367	605
367	732
368	625
369	464
369	502
369	541
369	604
372	413
379	381
379	389
379	410
379	552
381	389
381	410
381	552
383	675
383	683
384	527
384	651
384	704
386	449
386	635
387	443
387	480
387	499
387	598
389	410
389	552
392	726
393	430
393	605
394	509
394	712
396	478
396	542
396	578
397	404
397	555
397	567
397	573
397	717
398	581
400	544
401	459
402	557
402	572
402	701
402	745
404	555
404	567
404	573
404	717
406	451
410	552
411	525
411	601
412	528
412	534
412	687
415	722
416	565
416	643
417	469
417	540
417	669
420	450
420	670
422	454
422	516
422	707
422	723
423	432
423	597
423	719
423	725
426	490
426	503
426	733
430	605
430	732
432	597
432	719
432	725
437	446
437	593
437	606
437	666
443	499
446	593
446	606
446	666
447	500
447	566
447	737
448	590
448	655
449	635
450	670
454	516
454	707
454	723
455	521
456	584
457	487
457	637
457	686
457	711
464	502
464	541
464	604
467	570
467	697
467	702
468	569
475	514
475	599
475	608
475	663
475	694
476	481
476	505
476	602
478	542
478	578
480	499
480	598
481	505
481	602
483	584
484	553
484	713
485	531
486	595
486	691
487	686
490	503
490	594
490	708
490	733
491	547
491	600
491	615
491	684
497	504
497	709
499	598
500	566
502	541
502	604
503	594
503	708
503	733
504	709
505	602
509	712
512	610
512	688
513	536
514	599
514	608
514	663
514	694
515	525
515	601
515	646
516	707
516	723
522	624
524	592
524	611
525	601
525	641
525	646
527	651
528	534
528	687
533	671
534	687
536	620
536	682
537	563
537	612
541	604
542	578
547	600
547	615
547	684
550	613
550	676
550	729
550	738
552	642
555	567
555	573
555	717
557	572
557	701
557	745
563	612
565	643
567	573
567	717
569	619
570	697
570	702
571	728
572	701
572	745
573	717
575	634
575	673
575	690
579	618
579	693
586	603
586	638
586	672
590	655
592	611
593	606
593	666
594	708
595	691
597	719
599	608
599	663
599	694
600	615
600	684
601	641
601	646
603	638
603	672
605	732
606	666
608	663
608	694
610	688
613	676
613	729
613	738
615	684
620	682
623	661
623	677
625	654
626	658
634	673
634	690
637	686
638	672
645	739
651	704
661	677
663	694
668	676
673	690
675	683
676	738
688	695
697	702
701	745
707	723
719	725
